7  
7  
9  
6  
8  
7  
5  
2  
4  
4  
8  
8  
3  
8  
6  
2  
4  
6  
5  
4  
4 
0
11  
2 
10  
4
6  
9  
7  
6  
0  
1  
2  
4  
8  
3  
5  
2  
9  
6  
9  
6 
11  
5  
4  
3  
4  
7 
10  
5  
6
2  
6  
8  
5  
5  
5  
4  
3  
7  
3  
4  
6  
7  
6  
7  
4  
2 
0 
5  
7  
6  
5  
5  
3  
5  
7
9  
6  
5  
6  
6  
5  
1  
8  
4  
4  
7  
6  
3  
5  
7  
4  
8  
6  
8  
3  
5  
1  
4  
5  
5
8  
5  
5  
5  
4  
3  
7  
3  
4  
6  
7  
6  
7  
4  
2  
5  
7  
6  
5  
5  
3 
0 
5  
7
9  
6  
5  
6  
6  
10
5  
1  
8  
3  
5  
7  
4  
8  
6  
8  
3  
5  
1  
4  
5  
16
5
8  
2  
9  
6  
9  
6 
11  
5  
4  
3  
4  
7 
10  
5  
6
2  
6  
8  
5  
5  
5  
4  
3  
7  
3  
4  
6  
7  
6  
7  
4  
2 
0 
5  
7  
6  
5  
5  
3  
5  
7
9  
6  
5  
6  
6  
5 
4  
8  
6  
8   