6.64
6.87
1.39 
8.68 
0.68
8.33  
4.31  
4.11  
2.99
11.43
5.83  
0.67 
7.42 
4.90  
4.23
5.96 
4.30 
6.98
8.63
0.13
6.31
6.78 
1.21 
4.29 
0.86
0.90 
8.00 
5.79  
6.17 
7.60
1.17
5.17 
2.41
0.71
1.25
0.49 
2.03  
3.24
10.51  
2.03
7.68 
1.21 
5.89 
8.62 
7.81
5.77
0.67  
4.97 
3.15 
7.09
2.78  
3.82  
3.93  
3.47 
2.76
3.42 
3.24 
0.55 
0.56 
5.16
5.25
2.16
3.31
0.08  
6.29
2.64  
7.20  
5.77 
5.45
0.28
3.00  
5.85  
2.61  
9.17  
3.52
10.61  
1.50  
4.68  
6.39  
1.06
2.28 
5.63  
6.29 
1.74  
3.66
3.34  
5.70  
4.91 
5.07
5.49
6.19
4.68
3.45
5.07
2.10
8.67
7.29
5.45
6.87
3.74
1.75
7.86
1.51
1.25
3.75
2.17
0.13
5.59
8.33
2.20
9.36
1.70
6.33
3.39
6.20
0.40
2.27
0.78
3.93
6.42
6.03
3.86
2.64
2.29
8.60
1.87
2.26
4.90
6.97
3.35
8.05
5.85
8.74
6.19
0.08
5.55
3.44
0.63
2.64
7.16
0.25
9.63
5.16
4.66
7.60
2.61
4.37
6.84
4.97
6.67
4.05
3.10
5.84
0.30
6.11
4.20
4.65
7.69
2.28
8.43
3.38
4.64
4.11
4.17
1.85
6.41
5.95
10.83
2.52
7.15
3.68
0.96
5.13
4.19
9.04
8.62
4.94
7.85
4.28
2.96
1.04
6.33
4.06
0.31 
6.46
2.68  
6.96 
0.06  
7.13  
1.48
1.74  
7.69 
2.58  
4.44 
4.46
3.30  
5.46  
5.22  
4.62  
9.92