5.30 
7.59  
6.61  
4.71  
3.57  
6.84
11.19  
5.05  
8.18  
4.34  
8.23  
7.07
3.62  
5.39  
5.99  
5.09  
5.64 
3.74
6.60 
6.57  
6.45 
7.16 
8.48
5.15
7.07
1.54
7.41  
7.05  
7.11  
4.36
7.63  
4.03  
2.16  
6.72  
8.56  
6.67
4.56  
7.92  
3.96  
5.79  
5.73  
7.79
6.29  
6.55  
4.57  
4.21  
6.45  
6.20
6.81  
6.18  
1.83  
5.53 
0.90  
8.62
2.72  
5.05  
7.59  
6.10 
10.01  
5.70
9.73  
8.71 
11.25  
7.83  
9.13  
8.26
6.58 
12.52  
7.11  
6.15  
3.89  
7.94
4.72  
6.44  
5.82  
5.49  
7.97  
7.94
7.77  
3.62  
7.58  
5.33  
3.23  
7.72
0.37  
5.16  
5.62 
10.12  
8.46  
6.28
5.63  
6.65  
7.33  
4.61  
7.66  
5.32
10.04  
8.03  
6.39  
4.93  
7.13  
6.95
7.86  
6.83  
5.51  
5.63  
5.46  
5.10
7.10  
5.87  
5.81  
5.74  
8.06  
3.14
7.71  
5.75  
6.81  
8.14  
6.51  
5.44
3.83  
5.21  
5.35  
6.28 
4.25  
3.74
2.95  
8.63  
4.13  
2.16  
5.51  
5.99
5.07  
3.85  
9.73  
8.15  
5.01  
3.76
8.18 
6.24  
8.84  
4.96  
5.10  
3.02
10.08  
5.58  
3.35  
6.56  
1.60  
4.32
7.01  
4.12  
5.96  
6.56  
6.35  
6.02
3.70  
2.68  
7.28  
3.83  
6.29  
3.18
6.91 
6.78  
7.21  
7.77  
8.44  
5.42
2.39  
7.07  
0.39  
7.51  
6.13  
4.94
5.17  
4.70  
8.14  
3.53  
7.56  
7.83
3.78 
10.26  
7.46  
6.02  
6.38  
6.11
8.21 
5.54  
8.16  
4.97  
7.60  
4.89
7.57  
6.90  
5.11  
3.84  
3.97  
7.31
4.70  
2.93